#Time PropProb Reliability_c2
# Minimum batches: 100000
# Confidence level: 99.00%
# Half-lenght confidence interval: 1.00%

# Time	PropagationProbability_SerialCable_BoardSystem FaultOccurrence_Analyzer	Reliability_Receiver

1.000000e+03	1.0		1.0E-05		9.907600e-01
5.000000e+03	1.0		1.0E-05		9.550800e-01	
1.000000e+04	1.0 	1.0E-05		9.129000e-01
2.000000e+04	1.0		1.0E-05		8.353900e-01
3.000000e+04	1.0		1.0E-05		7.636600e-01
5.000000e+04	1.0		1.0E-05		6.439400e-01
1.000000e+05	1.0		1.0E-05		4.285500e-01
2.000000e+05	1.0		1.0E-05		2.184341e-01
5.000000e+05	1.0		1.0E-05		1.017742e-01
#1.000000e+06	1.0		1.0E-05		9.160048e-02

1.000000e+03	1.0		5.0E-05		9.563300e-01
5.000000e+03	1.0		5.0E-05		8.009200e-01
1.000000e+04	1.0 	5.0E-05		6.450300e-01
2.000000e+04	1.0		5.0E-05		4.299900e-01
3.000000e+04	1.0		5.0E-05		3.004881e-01
5.000000e+04	1.0		5.0E-05		1.728787e-01
1.000000e+05	1.0		5.0E-05		1.039037e-01
#2.000000e+05	1.0		5.0E-05		9.845490e-02

1.000000e+03	0.5		1.0E-05		9.954600e-01
5.000000e+03	0.5		1.0E-05		9.774600e-01
1.000000e+04	0.5		1.0E-05		9.552400e-01
2.000000e+04	0.5		1.0E-05		9.170000e-01
3.000000e+04	0.5		1.0E-05		8.816200e-01
5.000000e+04	0.5		1.0E-05		8.201000e-01
1.000000e+05	0.5		1.0E-05		7.096900e-01
2.000000e+05	0.5		1.0E-05		6.001800e-01
5.000000e+05	0.5		1.0E-05		5.296000e-01
#1.000000e+06	0.5		1.0E-05		5.052100e-01





